Play
Animation timer: 0.366000

Racket
	Position (272.002228, 695.000000)
	Speed modifier: 1.000000

Ball
	Position (112.542244, 329.001251)
	Speed modifier: 1.000000
	Velocity (189.035370, 294.560181)

Bricks current ids
 0 0 0 0 0 0 0 0 0 0 0 0 0 0 0 0 0 0 0 0 0 0 0 0 0
 0 0 0 0 0 0 0 0 0 0 0 0 0 0 0 0 0 0 0 0 0 0 0 0 0
 0 0 0 0 0 0 0 0 0 0 0 0 0 0 0 0 0 0 0 0 0 0 0 0 0
 0 0 0 0 0 0 0 0 0 0 0 0 0 0 0 0 0 0 0 0 0 0 0 0 0
 0 0 0 0 0 0 0 0 0 0 0 0 0 0 0 0 0 0 0 0 0 0 0 0 0
 0 0 0 0 10 10 10 10 10 10 10 10 10 10 10 10 10 10 10 10 10 0 0 0 0
 0 0 0 0 10 8 8 8 8 8 8 8 8 8 8 8 8 8 8 8 10 0 0 0 0
 0 0 0 0 0 0 0 0 0 0 0 0 0 0 0 0 0 0 0 0 0 0 0 0 0
 0 0 0 0 0 0 0 0 0 0 0 0 0 0 0 0 0 0 0 0 0 0 0 0 0
 0 0 0 0 0 0 0 0 0 0 0 0 0 0 0 0 0 0 0 0 0 0 0 0 0
 0 0 0 0 10 11 12 11 12 11 12 11 12 11 12 11 12 11 12 11 10 0 0 0 0
 0 0 0 0 10 10 10 10 10 10 10 10 10 10 10 10 10 10 10 10 10 0 0 0 0

Bricks ids
 13 13 13 13 13 13 13 13 13 13 13 13 13 13 13 13 13 13 13 13 13 13 13 13 13
 13 0 0 0 0 0 0 0 0 0 0 0 0 0 0 0 0 0 0 0 0 0 0 0 13
 13 0 0 0 0 0 0 0 0 0 0 0 0 0 0 0 0 0 0 0 0 0 0 0 13
 13 0 0 0 0 0 0 0 0 0 0 0 0 0 0 0 0 0 0 0 0 0 0 0 13
 13 0 0 0 0 0 0 0 0 0 0 0 0 0 0 0 0 0 0 0 0 0 0 0 13
 13 0 0 0 10 10 10 10 10 10 10 10 10 10 10 10 10 10 10 10 10 0 0 0 13
 13 0 0 0 10 8 8 8 8 8 8 8 8 8 8 8 8 8 8 8 10 0 0 0 13
 13 0 0 0 0 0 0 0 0 0 0 0 0 0 0 0 0 0 0 0 0 0 0 0 13
 13 0 0 0 0 0 0 0 0 0 0 0 0 0 0 0 0 0 0 0 0 0 0 0 13
 13 0 0 0 0 0 0 0 0 0 0 0 0 0 0 0 0 0 0 0 0 0 0 0 13
 13 13 13 13 10 11 12 11 12 11 12 11 12 11 12 11 12 11 12 11 10 13 13 13 13
 8 8 8 8 10 10 10 10 10 10 10 10 10 10 10 10 10 10 10 10 10 8 8 8 8

Bricks events
	id: 253, typeNum: 0, timer: -0.000000
	id: 252, typeNum: 0, timer: -0.016000
	id: 251, typeNum: 0, timer: -0.001000
	id: 274, typeNum: 0, timer: -0.000000
